2212.7
2212.58
2212.6
2212.48
2212.41
2212.49
2212.51
2212.67
2212.36
2212.33
2212.22
2212.43
2212.38
2212.84
2213.06
2213.78
2214.82
2215.36
2215.7
2216.17
2216.11
2216.18
2216.52
2216.73
2216.65
2216.61
2216.79
2216.93
2217.12
2217.18
2217.17
2217.01
2216.76
2217.23
2217.45
2217.52
2217.63
2217.54
2216.74
2216.02
2215.62
2214.83
2214.04
2213.67
2213.12
2212.6
2212.16
2211.65
2211.08
2211.04
2211.54
2211.63
2211.31
2210.78
2209.23
2208.55
2208.4
2208.29
2207.16
2205.92
2204.75
2203.77
2202.71
2201.82
2201.53
2201.8
2202.73
2203.25
2203.28
2202.13
2201.3
2200.15
2199.28
2197.29
2196.88
2196.48
2196.01
2192.81
2192.33
2191.88
2190.97
2189.68
2188.66
2184.84
2183.89
2183.15
2182.49
2182.1
2182.11
2183.2
2183.58
2182.99
2181.52
2180.85
2180.42
2180.28
2180.08
2180.42
2180.41
2180.39
2180.45
2180.73
2180.95
2181.02
2180.9
2180.66
2180.31
2178.88
2176.88
2173.61
2172.58
2171.3
2171.77
2172.54
2172.74
2173.52
2174.38
2174.47
2174.1
2173.26
2172.38
2171.25
2169.56
2168.93
2168.07
2166.76
2166
2165.36
2164.51
2164.14
2163.47
2163.12
2162.64
2160.99
2160.48
2159.95
2159.49
2158.32
2157.74
2156.88
2156.37
2155.77
2154.97
2155.09
2154.32
2154.15
2154.06
2154
2154.03
2153.99
2153.56
2152.52
2152.05
2151.82
2153.88
2153.97
2153.87
2153.91
2154.08
2154.7
2154.83
2154.79
2154.64
2154.3
2154.13
2154.13
2154.2
2154.17
2153.92
2153.77
2153.73
2153.77
2153.87
2154.06
2154.22
2154.29
2154.36
2154.32
2154.16
2153.79
2153.64
2153.59
2153.6
2154.08
2154.23
2154.14
2154.01
2154.58
2155.35
2155.87
2155.38
2155.17
2155.22
2155.38
2155.78
2157.32
2157.85
2158.01
2157.95
2157.6
2157.18
2156.91
2156.72
2156.38
2156.27
2157
2156.94
2156.98
2157.07
2157.26
2158.36
2161.22
2162.63
2163.39
2163.85
2164.07
2164.23
2164.3
2163.93
2163.63
2163.62
2164.22
2164.8
2166.48
2168.29
2170.4
2171.41
2172.39
2172.88
2173.59
2173.98
2174.62
2175.46
2176.41
2177.86
2179.77
2180.4
2181.27
2182.19
2182.79
2182.9
2182.8
2182.01
2181.85
2182
2182.53
2183.44
2184.32
2185.12
2185.44
2184.82
2184.69
2184.89
2186.09
2186.85
2187.53
2188.14
2188.49
2189.49
2189.74
2189.84
2189.95
2190.17
2190.63
2191.7
2194.2
2195.23
2195.87
2196.43
2196.83
2196.51
2196.09
2194.77
2194.11
2193.6
2192.99
2192.32
2191.84
2191.84
2192.07
2192.37
2192.99
2193.85
2194.14
2194.41
2194.76
2194.94
2195.38
2195.95
2196.43
2196.88
2197.2
2196.72
2196.61
2195.5
2195.19
2194.66
2194.09
2193.37
2192.77
2192.45
2192.34
2192.19
2192.05
2190.97
2190.64
2188.72
2188.13
2187.8
2187.58
2187.51
2187.45
2186.95
2186.81
2187.76
2188.33
2188.71
2188.86
2188.64
2187.85
2187.42
2187.68
2188.36
2188.93
2189.27
2189.43
2189.6
2189.86
2189.92
2189.91
2189.47
2189.04
2188.56
2188.35
2188.29
2188.83
2189.49
2189.88
2190.34
2191.11
2191.45
2192
2193.88
2194.3
2195.08
2195.63
2195.97
2196.25
2196.15
2195.91
2194.63
2193.88
2193.34
2192.87
2192.46
2191.98
2191.01
2190.67
2190.52
2190.49
2189.99
2189.12
2187.77
2187.58
2187.35
2187.26
2187.23
2187.2
2187.22
2187.15
2186.97
2186.93
2186.96
2187.1
2187.22
2187.56
2187.84
2188.11
2188.32
2188.04
2188.05
2188.21
2188.36
2188.52
2188.64
2188.73
2188.89
2188.99
2189.11
2188.91
2188.48
2188.31
2188.12
2188.03
2187.97
2187.76
2187.67
2187.58
2187.57
2187.75
2188.01
2188.65
2189.34
2190.17
2190.13
2189.98
2189.94
2189.83
2189.62
2189.53
2189.54
2189.49
2189.48
2189.53
2189.69
2189.85
2190.12
2190.6
2190.94
2191.18
2191.62
2191.7
2191.74
2191.81
2191.96
2192.14
2192.35
2192.35
2192.33
2192.27
2192.31
2192.5
2192.87
2193.39
2193.84
2194.13
2195.12
2195.68
2196.18
2196.83
2198.3
2199.61
2201.02
2201.54
2201.49
2201.48
2201.49
2201.63
2202
2202.34
2202.66
2203.13
2204.07
2204.66
2205.6
2207.06
2207.77
2208.16
2208.19
2207.74
2207.19
2206.96
2206.76
2206.58
2206.36
2205.87
2205.7
2205.61
2204.99
2204.79
2204.85
2205.03
2204.9
2204.72
2204.93
2204.69
2204.36
2203.31
2203.64
2206.88
2208.03
2209.09
2210.66
2211.83
2212.8
2213.36
2213.59
2213.71
2213.87
2214.12
2214.43
2214.92
2215.42
2216.58
2217.19
2218.25
2218.79
2219.54
2219.92
2220.25
2221.38
2222.02
2223.19
2224.26
2225.41
2225.92
2226.46
2226.89
2227.26
2227.64
2227.93
2228.09
2228.36
2228.57
2228.94
2229.25
2229.53
2230.03
2230.49
2231.27
2232.65
2233.14
2234.06
2234.4
2234.55
2234.84
2235.08
2235.31
2235.46
2235.57
2235.71
2235.96
2236.83
2237.12
2237.32
2237.42
2237.7
2238.31
2238.75
2239.11
2239.41
2240.25
2242.38
2243.19
2243.7
2244.39
2244.99
2245.67
2246.21
2246.66
2246.93
2247.36
2247.84
2248.35
2249.58
2250.5
2251.38
2252.06
2253.19
2254.27
2257
2259.91
2263.56
2264.64
2268.75
2277.22
2279.23
2282.65
2284.26
2285.46
2286.51
2287.58
2288.23
2288.81
2288.59
2288.59
2288.9
2289.78
2290.48
2291.57
2296.05
2296.89
2297.89
2298.54
2299.04
2299.81
2301.21
2302.67
2303.43
2305
2306.3
2307.34
2308.29
2309.14
2309.41
2309.39
2309.35
2308.72
2308.13
2306.9
2306.96
2307.1
2307.46
2307.53
2307.79
2308.84
2311.83
2316.51
2318.48
2319.13
2321.58
2323.44
2325.8
2327.22
2327.63
2328.16
2328.4
2328.68
2328.95
2329.28
2330.81
2331.55
2331.9
2332.56
2332.71
2332.8
2332.85
2332.74
2332.9
2334.03
2335.27
2335.89
2336.54
2336.87
2337.09
2337.21
2337.28
2337.41
2339.19
2339.66
2340.09
2340.63
2341.43
2342.29
2343.36
2346
2346.57
2347.33
2348.28
2350.26
2351.23
2352.2
2352.97
2354.53
2357.22
2358.71
2359.57
2360.58
2361.33
2362.48
2363.02
2363.75
2364.47
2364.97
2366.52
2367.32
2368.13
2368.82
2369.67
2370.71
2371.85
2372.38
2373.68
2374.27
2375.09
2376.17
2377.69
2378.17
2378.59
2379.11
2380.09
2381.2
2382.44
2384.02
2385.56
2386.85
2389.41
2390.85
2392.53
2394.02
2395
2395.7
2396.32
2396.71
2397.19
2397.67
2398.45
2399.75
2401.19
2402.4
2403.12
2404.17
2405.91
2406.83
2407.5
2410.84
2411.92
2412.46
2413.24
2414.89
2417.14
2418.13
2418.85
2419.5
2420.46
2421.48
2422.32
2423.45
2425.94
2426.7
2427.12
2427.84
2428.31
2429.36
2430.25
2431.74
2433.02
2434.44
2435.29
2436.2
2437.41
2438.48
2439.31
2440.22
2440.75
2441.09
2441.6
2444.96
2446.42
2447.22
2447.47
2448.04
2452.9
2455.39
2456.51
2456.7
2456.88
2457.13
2457.59
2459.69
2460.63
2462.11
2462.8
2463.31
2464.13
2464.66
2465.68
2466.21
2467.13
2467.75
2468.25
2468.75
2469.3
2470.43
2470.74
2471.26
2471.46
2471.81
2472.01
2472.3
2472.61
2472.73
2472.79
2472.79
2472.78
2472.81
2472.88
2473.03
2473.18
2473.67
2473.99
2474.73
2475.47
2476.53
2477.04
2477.64
2478.6
2480.37
2483.16
2485.88
2486.06
2485.72
2485.36
2485.32
2485.51
2486.4
2488.24
2489.37
2489.95
2490.49
2490.87
2491.37
2491.75
2492.46
2493.78
2495.36
2500.35
2502.96
2505.96
2507.31
2508.56
2510.11
2513.19
2514.25
2517.06
2518.57
2520.06
2520.87
2522.8
2523.02
2523.93
2524.12
2524.19
2524.12
2523.9
2523.57
2522.95
2523.46
2524.06
2524.35
2524.74
2524.81
2525.03
2524.94
2525.04
2525.72
2526.63
2528.66
2529.51
2530.82
2532.4
2533.55
2534.8
2535.95
2535.84
2535.86
2536.2
2537.3
2538.44
2539.43
2540.62
2541.22
2541.35
2541.43
2541.49
2541.63
2542.09
2542.21
2542.35
2542.79
2542.93
2542.92
2542.66
2542.58
2542.8
2542.97
2542.9
2542.91
2542.97
2543.29
2543.67
2544.3
2545.49
2546.54
2546.97
2547.49
2548
2548.04
2549.13
2549.54
2548.66
2548.45
2548.4
2548.53
2548.95
2549.51
2550.33
2551.37
2552.24
2552.45
2552.59
2552.5
2551.89
2552.18
2552.67
2553.36
2554.06
2554.19
2553.96
2553.53
2552.98
2552.64
2552.62
2552.77
2552.94
2553.29
2554.07
2554.85
2556.32
2558.16
2559.29
2560.65
2561.1
2561.23
2561.59
2562.98
2565.92
2566.84
2566.94
2566.93
2566.98
2567.36
2570.01
2570.88
2572.29
2573.08
2576.2
2577.64
2580.28
2581.51
2583.1
2584.32
2585.55
2586.39
2586.98
2587.74
2589.12
2590.59
2591.05
2591.21
2591.32
2591.15
2590.75
2590.31
2590.04
2590.17
2590.79
2591.39
2592.33
2593.45
2594.17
2595.23
2595.78
2596.7
2597.41
2598.54
2599.14
2599.61
2600.01
2600.77
2601.64
2602.57
2602.97
2603.62
2604.62
2607.58
2611.38
2614.35
2615.9
2616.66
2617.23
2617.81
2618.61
2619.46
2620.24
2621.81
2622.58
2624.45
2626.31
2627.59
2630.1
2634.51
2635.56
2636.56
2637.54
2639.93
2641.7
2642.99
2643.97
2644.83
2645.49
2648.8
2650.3
2651.63
2652.33
2653.59
2654.26
2655.01
2656.36
2657.12
2657.83
2658
2657.43
2657.95
2658.45
2658.99
2660.33
2661.1
2661.89
2662.1
2663.64
2664.22
2664.96
2666.89
2667.48
2668.25
2668.34
2668.18
2668.4
2668.82
2669.23
2670.12
2671.09
2672.79
2673.51
2674.07
2674.38
2674.86
2675.25
2675.8
2676.22
2676.48
2678.23
2678.71
2679.1
2679.22
2679.45
2679.81
2680.58
2681.22
2681.89
2682.78
2683.5
2684.42
2685.5
2686.35
2687.37
2688.74
2689.28
2689.89
2690.41
2691.06
2691.45
2692
2692.66
2693.84
2694.62
2695.54
2697.78
2699.05
2700.31
2701.23
2701.57
2701.55
2701.62
2701.76
2702.22
2703.29
2704.75
2705.54
2706.49
2707.73
2708.76
2709.97
2711
2712.98
2713.75
2715.05
2719
2720.96
2721.47
2721.61
2721.28
2720.88
2720.98
2721.56
2722.1
2723.21
2724.9
2725.71
2726.56
2730.85
2732.16
2732.93
2733.64
2735.23
2740.67
2742.83
2744.45
2745.29
2747.14
2747.9
2748.57
2747.87
2746.05
2744.33
2742.94
2740.85
2738.6
2734.83
2730.01
2725
2719.18
2714.12
2707.54
2703.88
2701.43
2700.29
2699.15
2698.46
2697.68
2697.25
2696.52
2695.64
2694.4
2692.84
2689.98
2686.92
2676.19
2668.41
2664.09
2655.59
2653.82
2633.28
2630.48
2625.98
2623.01
2619.04
2617.09
2614.84
2614.02
2613.81
2613.61
2613.22
2612.94
2598.85
2587.78
2585.05
2583.35
2582.11
2581.46
2580.99
2580.49
2580.09
2579.32
2577.81
2576.52
2574.86
2572.7
2570.35
2570.45
2572.77
2572.96
2572.96
2572.94
2572.91
2572.51
2572.36
2572.22
2572.1
2571.88
2571.24
2570.85
2570.44
2571.18
2570.73
2570.61
2570.49
2570.63
2571.15
2571.41
2571.39
2571.27
2571
2570.78
2570.13
2569.8
2569.98
2570.31
2569.81
2569.75
2569.83
2570.01
2570.12
2570.27
2570.57
2570.96
2571.09
2571.17
2571.12
2570.95
2570.83
2570.45
2570.33
2570.18
2570.18
2570.24
2570.23
2570.2
2570
2569.98
2570.27
2570.93
2571.08
2571.08
2571
2570.75
2570.52
2570.25
2569.96
2570.02
2570.46
2571.12
2571.9
2573.14
2574.64
2575.8
2576.95
2577.54
2578.85
2583.42
2583.77
2583.85
2583.85
2583.9
2584.02
2583.43
2582.94
2581.93
2580.85
2579.65
2578.54
2577.21
2574.54
2567.35
2562.73
2565.45
2570.06
2571
2568.42
2567.85
2567.07
2566.69
2566.37
2566.11
2565.84
2565.68
2565.64
2565.51
2563.16
2562.82
2563.11
2562.97
2562.53
2562.08
2561.74
2561.09
2560.56
2560.22
2557.88
2557.11
2557.24
2557.89
2558.61
2557.97
2557.01
2555.63
2553.78
2551.61
2550.25
2549.43
2548.62
2548.39
2547.08
2546.41
2545.7
2544.64
2543.82
2543.48
2543.03
2543.61
2544.02
2544.13
2543.96
2543.03
2541.97
2540.73
2539.27
2537.77
2536.3
2535.16
2534.39
2534.08
2534.43
2532.25
2531.32
2529.6
2528.81
2528.28
2527.85
2527.12
2526.49
2526.03
2525.69
2525.56
2524.97
2524.49
2524.31
2524.27
2523.71
2522.95
2522.3
2521.4
2521
2520.33
2519.64
2518.9
2518.25
2517.45
2517
2516.49
2515.95
2515.29
2513.64
2512.73
2511.92
2510.91
2509.99
2508.69
2507.59
2506.1
2505.07
2504.21
2503.3
2502.02
2500.31
2498.79
2497.3
2496.4
2495.47
2494.44
2493.23
2491.81
2490.81
2489.55
2488.32
2486.76
2485.45
2484.77
2483.68
2480.96
2479.89
2478.88
2476.36
2465.65
2463.82
2461.94
2460.48
2459.37
2458.58
2454.29
2452.94
2452.15
2451.28
2449.99
2448.16
2447.48
2446.85
2445.93
2439.25
2436.67
2435.99
2435.12
2434.09
2432.68
2427.34
2426.49
2425.36
2424.4
2419.71
2418.87
2417.95
2416.26
2415.09
2413.99
2412.21
2410.68
2409.27
2407.95
2406.56
2404.89
2403.71
2401.84
2397.05
2390.73
2388.68
2386.92
2384.96
2383.36
2381.04
2379.66
2378.84
2378.29
2377.4
2376
2375.72
2375.2
2374.59
2372.94
2372.06
2370.82
2369.44
2367.87
2364.56
2363.25
2362.69
2361.85
2360.92
2359.21
2357.57
2355.43
2352.7
2349.49
2347.38
2346.24
2342.72
2340.62
2339.65
2338.7
2337.56
2336.51
2331.02
2329.88
2328.82
2327.82
2326.9
2325.08
2322.63
2321.84
2321.06
2319.61
2312.02
2310.88
2309.84
2308.89
2306.64
2305.65
2304.61
2300.36
2299.57
2298.95
2298.52
2298.55
2299.76
2299.82
2299.62
2299.24
2298.81
2298.56
2298.18
2297.11
2296.06
2295.14
2294.8
2294.65
2294.47
2294.26
2293.06
2292.65
2292.5
2292.21
2292.02
2291.92
2291.78
2291.47
2291.15
2290.59
2290.04
2289.39
2288.61
2288.28
2288
2287.66
2287.36
2286.65
2286.17
2285.61
2284.92
2284.8
2284.7
2284.61
2284.5
2284.38
2284.1
2283.67
2283.6
2283.55
2283.44
2283.22
2283.01
2282.75
2282.49
2282.2
2282.17
2282.11
2282.01
2281.96
2281.94
2281.97
2282
2281.98
2281.91
2281.87
2281.9
2282.01
2282.08
2282.37
2282.71
2282.51
2281.16
2280.08
2278.88
2278
2277.28
2276.53
2275.72
2274.73
2274.09
2272.93
2272.22
2271.85
2270.93
2270.18
2269.52
2268.36
2267.72
2267.19
2266.82
2266.67
2266.65
2266.71
2266.79
2266.86
2267
2267.27
2267.51
2267.52
2267.5
2267.51
2267.53
2267.62
2267.67
2267.57
2267.17
2266.93
2266.78
2266.53
2266.1
2265.78
2265.69
2265.73
2265.9
2266.24
2266.42
2266.57
2267.34
2268.45
2269.1
2269.52
2270.15
2271.17
2270.3
2268.81
2267.8
2267.05
2266.38
2265.65
2265.27
2265.05
2264.75
2264.32
2263.35
2261.26
2259.35
2257.81
2255.75
2254.86
2254.04
2252.8
2252.05
2251.38
2248.21
2247.04
2245.88
2244.16
2243.14
2242.55
2241.88
2241.11
2239.92
2237.55
2236.55
2235.69
2235.29
2234.43
2233.75
2233.49
2233.56
2233.8
2233.61
2232.63
2231.48
2227.61
2226.59
2225.74
2224.93
2224.68
2224.64
2224.7
2224.74
2224.43
2224.24
2223.52
2222.57
2221.94
2220.89
2220.15
2219.64
2219.16
2218.23
2217.7
2216.77
2216.01
2215.48
2214.92
2214.12
2213.67
2212.99
2212.56
2212.33
2212.32
2212.3
2212.13
2211.44
2210.46
2209.06
2208.12
2207.67
2206.89
2206.32
2205.67
2205.36
2204.74
2203.15
2201.57
2200.05
2197.91
2195.78
2194.54
2193.71
2193.06
2192.77
2192.4
2191.95
2191.4
2190.86
2190.02
2189.31
2188.22
2187.73
2187.51
2187.39
2187.34
2187.18
2187.07
2186.9
2186.56
2185.97
2185.56
2184.94
2184.11
2183.31
2181.47
2181.37
2181.34
2181.36
2181.28
2180.97
2180.31
2179.43
2178.93
2178.24
2177.78
2177.26
2176.41
2175.97
2175.6
2175.31
2175.26
2174.86
2173.9
2173.8
2173.82
2173.85
2173.83
2173.74
2173.62
2173.38
2173.14
2172.83
2172.61
2172.52
2172.58
2172.62
2172.51
2172.13
2171.89
2171.49
2170.72
2167.58
2165.34
2161.86
2160.04
2159.24
2158.73
2157.62
2156.39
2155.18
2153.96
2153.78
2153.76
2153.68
2153.68
2153.78
2153.64
2152.25
2151.37
2150.95
2150.73
2150.79
2151.59
2152.26
2152.36
2151.95
2151.49
2150.35
2149.73
2148.98
2148.31
2147.62
2146.96
2145.97
2145.35
2144.79
2143.65
2143.23
2143.02
2142.79
2142.37
2142.21
2141.96
2142.16
2142.89
2142.95
2142.72
2142.24
2141.87
2141.4
2141.19
2140.95
2141.21
2141.79
2141.81
2141.78
2141.81
2141.98
2142.92
2143.31
2143.54
2143.71
2143.35
2142.45
2142.31
2142.51
2142.91
2143.06
2143.08
2143.06
2143.01
2142.85
2142.59
2142.25
2141.97
2141.06
2140.11
2138.51
2137.49
2134.13
2131.77
2130.89
2130.03
2129.04
2128.15
2127.59
2127.17
2126.33
2125.96
2125.58
2125.23
2124.56
2123.64
2123.34
2122.88
2122.61
2122.78
2123.37
2123.6
2123.51
2123.38
2123.26
2123.14
2122.78
2122.15
2121.33
2120.45
2119.47
2118.09
2116.72
2115.32
2114.11
2112.44
2111.83
2111.28
2110.89
2110.23
2109.8
2108.86
2108.26
2107.66
2106.79
2104.34
2103.28
2100.91
2099.81
2097.79
2096.67
2095.92
2095.26
2093.91
2092.83
2091.97
2091.51
2090.26
2089.5
2088.85
2087.57
2086.4
2082.66
2079.31
2074.74
2069.55
2066.67
2065
2063.34
2061.53
2060.27
2058.11
2054
2047.98
2042.58
2039.42
2038.52
2037.91
2036.69
2034.65
2033.31
2032.56
2031.8
2030.66
2027.78
2026.21
2024.52
2023.6
2023.18
2022.29
2021.56
2020.83
2019.84
2018.23
2013.99
2012.88
2010.85
2009.3
2008.89
2008.01
2007.28
2006.48
2004.68
2001.17
2000.06
1999.12
1998.37
1997.75
1997.28
1996.69
1995.58
1993.37
1992.94
1992.59
1992.08
1991.19
1988.21
1985.66
1985.13
1984.85
1984.39
1983.82
1981.97
1980.35
1979.24
1978.48
1977.23
1972
1968.29
1966.88
1965.69
1964.52
1963.6
1962.6
1960.78
1958.93
1957.66
1957.1
1956.54
1955.8
1953.61
1953.19
1952.77
1952.48
1952.17
1951.16
1950.63
1949.95
1948.88
1948.21
1947.15
1946.41
1945.44
1944.4
1943.41
1942.09
1941.68
1940.93
1939.91
1939.57
1939.08
1938.22
1937.62
1937.1
1936.87
1936.62
1936.08
1935.76
1927.93
1927.43
1927.12
1926.52
1926.07
1925.78
1925.6
1925.27
1925.03
1924.7
1923.72
1923.17
1922.76
1922.36
1921.86
1921.3
1920.38
1919.75
1919.65
1919.04
1918.56
1918.14
1917.85
1917.2
1916.87
1916.3
1916.02
1915.74
1915.81
1915.86
1915.29
1914.55
1914.28
1913.54
1913.26
1912.18
1911.96
1911.65
1911.38
1911.14
1910.92
1910.47
1909.94
1909.62
1909.61
1909.71
1909.84
1909.93
1909.94
1909.94
1909.96
1910.03
1912.02
1912.74
1913.51
1914.16
1914.15
1914.46
1915.53
1916.24
1917.38
1918.7
1919.83
1921.1
1921.96
1927.53
1929.06
1930.18
1933.58
1936.31
1937.1
1938.32
1938.89
1939.33
1940.66
1941.74
1942.55
1943.27
1944.14
1944.51
1944.08
1943.97
1944.45
1945.02
1945.65
1946.15
1946.99
1947.49
1948.81
1950.23
1951.71
1952.07
1952.17
1952.32
1952.61
1952.78
1952.9
1952.98
1952.98
1953.04
1953.05
1953.12
1953.26
1953.5
1953.8
1954.03
1954.34
1954.57
1955.09
1955.4
1955.71
1955.87
1956.04
1956.16
1956.29
1956.42
1956.61
1957.03
1958.83
1960.39
1961.32
1961.77
1962.32
1962.51
1963.26
1963.81
1964.26
1965.07
1965.54
1965.87
1966.44
1966.44
1968.02
1972.63
1973.4
1973.66
1974.78
1976.51
1977.29
1978.31
1979.43
1979.31
1979.42
1979.73
1980.07
1980.95
1981.04
1980.92
1980.51
1980.33
1980.62
1981.3
1982.32
1982.72
1983.24
1983.45
1983.42
1983.45
1983.62
1984.81
1984.9
1984.72
1984.81
1985.07
1985.44
1985.66
1985.69
1985.64
1985.43
1985.2
1984.91
1984.83
1984.85
1984.93
1985.06
1985.28
1986.33
1986.34
1986.36
1986.61
1986.92
1987.14
1987.53
1987.87
