2
5
9
7
18
13
13
7
93
163
208
362
557
358
483
1330
1137
1369
1456
1636
1068
968
2324
1939
1828
1829
1640
1150
1014
1962
1482
1414
1351
1398
753
570
1432
1188
1289
1339
1098
804
528
761
1179
1260
1151
1506
670
415
856
888
880
675
651
318
242
346
448
465
324
218
160
77
238
229
242
160
205
149
87
214
225
213
199
212
118
55
223
248
216
274
267
104
131
230
190
164
173
200
109
48
78
119
124
144
179
57
44
114
94
121
72
114
33
24
91
88
71
105
89
43
40
97
123
47
146
183
61
62
186
176
251
227
266
139
123
353
428
502
527
595
288
234
776
769
927
1011
1001
599
375
1247
1189
1131
1168
1110
487
358
1248
1200
1165
1115
1162
466
336
1140
1072
1039
1036
1161
522
379
1198
1111
1086
1146
1184
509
440
1249
1233
1296
1297
1388
578
468
1508
1339
1423
1292
1304
565
504
1322
1171
1182
1236
1333
550
390
1323
1158
1166
1299
534
662
474
1407
1398
1387
1312
1354
539
500
1525
1237
1270
929
1241
566
426
1586
1482
1444
1566
1813
695
593
2156
2088
2210
2529
2912
1217
1159
1333
3717
3777
3712
4119
1903
1670
5620
5750
6016
5879
5723
2534
1993
6476
5833
5397
4643
4960
2371
1624
5889
5081
4228
3973
3712
1642
929
3961
3372
2812
2552
2412
1028
623
2722
2357
1950
1638
1586
655
449
1782
1630
1434
1435
1475
661
459
1675
1515
1379
1304
1216
504
370
1589
500
2043
1833
1887
871
705
2558
2333
2182
2123
2273
1110
832
3001
2786
2737
2348
884
1106
1132
4038
3983
3783
3414
1133
1710
1476
4834
4731
1497
4802
4754
2099
1835
6046
5146
4447
4017
4024
2038
1497
5205
4599
4053
3792
3634
1675
1216
4615
3688
3453
3340
3097
1386
901
3498
2924
2555
2405
2181
839
616
2581
2148
1750
1765
1716
791
521
2164
2028
1788
1789
1567
749
525
2023
1659
1587
1441
1387
631
488
1779
1432
1335
1195
1230
576
480
1461
1252
1243
1175
1252
561
429
1669
1409
1342
1367
1292
595
562
1806
1710
1721
1613
1665
832
650
2044
1759
1693
1575
660
909
809
848
2460
1966
1880
1766
713
553
1815
731
